10100000010000000000000001100101
11010100010000000000000000000000
11011100010000000000000000000000
11010000000000000000000001100101
11011000000000000000000000000000
11010000010000000000010001100101
11011000010000000000000000000010
11010000110000000000000001100101
11011000110000000000000000000010
11010000100000000010010001100101
11011000100000000000000000000010
10010000000000000000000000001111
11000000010000000000000000000000
11001000010000000000000000000000
11000000000000000001000000000000
11001000000000000000000000000000
11000000110000000001000000000000
11001000110000000000000000000000
11000000100000000001000000000000
11001000100000000000000000000000
11000001100000000001000000000000
11001001100000000000000000000000
10010000000100110000000000000000
11000000110100110001000000000000
11001000110100110000000000000000
11100000110100110000000000000001
10010000000000010000000000000001
10011000000000010000000000000000
11000000010000010001000000000000
11001000010000010000000000000000
11000000000000010000000000000000
11001000000000010000000001000000
11000000110000010000000000000000
11001000110000010000000000000000
11000000100000010000000000000000
11001000100000010000000000000000
11000001100000010000000000000000
11001001100000010000000000000000
10010000000100010000000000000011
11000000000100010001000000000000
11001000000100010000000000000000
11100000000100010000000000000001
10010000000000100000000000000111
11000000010000100000000000000000
11001000010000100000000000100000
11000000000000100000000000000000
11001000000000100000000000000000
11000000110000100000000000000000
11001000110000100000000000000000
11000000100000100000000000000000
11001000100000100000000001000000
11000001100000100000000000000000
11001001100000100000000001000000
10010000000100100000000000000111
11000000100100100001000000000000
11001000100100100000000000000000
11100000100100100000000000000001
10010000000100000000000000011111
11000000010100000001000000000000
11001000010100000000000000000000
11100000010100000000000000000001
10010000000010100000000000000001
11000010010010100000000000000000
11001010010010100000000000000000
11000010000010100000000000000001
11001010000010100000000000000000
11000010110010100000000000000001
11001010110010100000000000000000
11000010100010100000000000000001
11001010100010100000000000000000
11000011100010100000000000000001
11001011100010100000000000000000
10010000000010110000000000000100
10011000000000010000000000000100
11000010010010110000000000000001
11001010010010110000000000000000
11000010000010110000000001000000
11001010000010110000000000000000
11000010110010110000000000000000
11001010110010110000000000000000
11000010100010110000000000000000
11001010100010110000000000000000
11000011100010110000000000000000
11001011100010110000000000000000
10010000000011000000000000000111
11000010010011000000000100000000
11001010010011000000000000000000
11000010000011000000000000000000
11001010000011000000000000000000
11000010110011000000000000000000
11001010110011000000000000000000
11000010100011000000000001000000
11001010100011000000000000000000
11000011100011000000000001000000
11001011100011000000000000000000
10010000000101100000000000000111
11000001100101100001000000000000
11001001100101100000000000000000
11101000100101100000000000000001
10100100010001010000000000000000
10110000000000000000000000000001