2688548965
3560964096
3695181824
3489661029
3623878656
3493856357
3628072962
3502243941
3636461570
3498058853
3632267266
2415919119
3225419776
3359637504
3221229568
3355443200
3233812480
3368026112
3229618176
3363831808
3246395392
3380609024
2417164288
3235057664
3369271296
3771924481
2415984641
2550202368
3225489408
3359703040
3221291008
3355508800
3233873920
3368091648
3229679616
3363897344
3246456832
3380674560
2417033219
3222343680
3356557312
3759210497
2416050183
3225550848
3359768608
3221356544
3355574272
3233939456
3368157184
3229745152
3363962944
3246522368
3380740160
2417098759
3230797824
3365011456
3767664641
2416967711
3226472448
3360686080
3763339265
2416574465
3259629568
3393847296
3255435265
3389652992
3268018177
3402235904
3263823873
3398041600
3280601089
3414818816
2416640004
2550202372
3259695105
3393912832
3255500864
3389718528
3268083712
3402301440
3263889408
3398107136
3280666624
3414884352
2416705543
3259760896
3393978368
3255566336
3389784064
3268149248
3402366976
3263955008
3398172672
3280732224
3414949888
2417360903
3247837184
3382050816
3902144513
2755985408
2952790017